1.183333
1.566667
7.083333
12.000000
12.683333
13.400000
14.083333
14.833333
15.500000
16.250000
16.933333
17.633333
18.350000
19.050000
19.750000
20.450000
21.150000
21.900000
22.600000
23.300000
24.016667
24.383333
24.716667
25.050000
25.416667
25.750000
26.100000
26.466667
26.833333
27.183333
27.533333
27.883333
28.233333
28.600000
28.950000
29.316667
29.666667
30.000000
30.366667
30.733333
31.083333
31.433333
31.783333
32.133333
32.483333
32.850000
33.200000
33.533333
33.900000
34.250000
34.616667
34.766667
34.950000
35.133333
35.316667
37.750000
38.100000
39.533333
40.266667
40.616667
40.966667
41.450000
43.733333
45.183333
45.733333
46.250000
46.583333
48.000000
48.166667
48.350000
48.516667
48.900000
49.416667
50.833333
51.516667
51.883333
52.233333
52.750000
53.283333
53.650000
54.133333
54.683333
55.050000
56.450000
57.183333
57.366667
57.533333
57.700000
57.850000
58.583333
59.283333
60.000000
60.700000
61.050000
61.750000
62.450000
63.150000
63.833333
64.533333
65.233333
65.950000
66.650000
67.383333
68.066667
68.783333
69.466667
70.183333
70.900000
71.616667
72.350000
73.033333
73.733333
74.466667
75.166667
75.883333
76.566667
77.266667
78.000000
78.683333
79.383333
80.133333
80.483333
81.166667
81.900000
82.266667
82.616667
82.966667
83.283333
84.650000
85.416667
86.100000
87.500000
88.916667
90.300000
91.016667
91.750000
93.133333
94.533333
95.933333
96.650000
97.383333
97.750000
98.100000
98.450000
98.783333
99.133333
99.483333
99.833333
100.166667
100.516667
100.866667
101.216667
101.583333
101.950000
102.283333
102.650000
103.000000
103.366667
103.716667
104.033333
104.366667
104.716667
105.083333
105.433333
105.816667
106.166667
106.533333
106.883333
107.233333
107.600000
107.966667
108.316667
108.666667
110.083333
110.800000
111.150000
111.500000
112.016667
114.283333
115.700000
116.233333
116.716667
117.066667
118.583333
118.766667
118.933333
119.083333
119.450000
119.933333
121.333333
122.066667
122.416667
122.766667
123.283333
123.833333
124.183333
124.650000
125.200000
125.566667
126.966667
127.716667
127.883333
128.050000
128.216667
128.383333
131.233333
132.633333
133.316667
133.716667
134.050000
134.566667
136.833333
138.283333
138.816667
139.300000
139.650000
141.116667
141.300000
141.466667
141.633333
141.983333
142.466667
143.933333
144.633333
144.983333
145.316667
145.850000
146.366667
146.750000
147.266667
147.750000
148.116667
149.533333
150.250000
150.433333
150.600000
150.766667
150.983333
152.300000
153.800000
154.166667
154.816667
155.566667
156.266667
156.950000
157.666667
158.366667
159.066667
159.800000
160.500000
161.183333
161.866667
162.233333
162.950000
163.683333
163.850000
164.033333
164.216667
164.400000
164.583333
164.750000
